60	19
64	35
71	29
79	19
93	19
99	19
116	19
131	22
134	19
157	19
164	35
176	19
193	19
194	35
225	22
276	35
314	19
340	19
344	35
370	19
373	35
388	19
389	19
416	19
417	19
443	22
447	22
449	35
511	35
517	29
518	22
551	35
571	35
591	3
593	3
608	25
633	35
670	25
671	25
675	29
681	3
703	22
729	25
730	25
739	3
751	25
757	3
765	25
768	35
779	3
790	25
797	3
816	19
887	35
902	35
918	35
940	5
944	5
945	5
951	35
959	5
973	5
983	35
1123	5
1167	9
1178	5
1179	5
1205	12
1206	12
1207	12
1208	5
1209	5
1210	5
1211	5
1212	5
1213	5
1217	19
1365	29
1370	9
1384	9
1427	9
1454	35
1462	9
1486	9
1531	35
1554	35
1576	2
1654	3
1675	25
1692	3
1699	25
1700	25
1703	29
1725	25
1727	35
1740	35
1744	5
1822	35
1846	20
1856	35
1918	35
2003	25
2020	35
2029	22
2035	3
2040	3
2046	35
2088	22
2090	3
2097	22
2103	25
2113	3
2126	25
2127	25
2137	3
2138	3
2151	25
2156	3
2172	25
2178	3
2192	25
2202	3
2205	3
2214	22
2217	22
2219	22
2220	3
2224	22
2227	22
2232	22
2237	22
2238	29
2242	22
2244	3
2259	35
2267	3
2268	3
2296	22
2297	3
2305	22
2314	22
2315	10
2321	22
2324	22
2327	22
2330	3
2331	3
2332	3
2340	22
2344	22
2348	22
2353	22
2354	25
2359	22
2363	3
2368	22
2369	3
2373	22
2383	22
2392	35
2394	22
2395	25
2398	22
2400	22
2403	22
2408	22
2412	22
2414	25
2421	22
2427	22
2430	3
2432	22
2433	3
2442	22
2447	35
2449	22
2450	25
2459	3
2477	35
2491	3
2510	35
2513	25
2520	3
2523	22
2543	25
2553	22
2564	22
2567	20
2572	20
2578	10
2583	35
2585	22
2586	25
2596	3
2598	3
2613	25
2642	25
2664	22
2671	3
2675	3
2682	22
2683	25
2692	22
2711	35
2714	25
2728	11
2731	11
2773	11
2774	11
2775	11
2777	11
2797	10
2824	11
2825	11
2828	11
2830	22
2842	22
2874	11
2877	11
2888	14
2897	10
2922	11
2923	11
2924	11
2930	11
2953	29
2958	22
2963	11
2964	11
2969	11
2981	14
2985	27
2989	22
2999	22
3013	35
3019	22
3025	22
3031	11
3034	11
3065	22
3092	11
3100	27
3103	14
3106	22
3115	10
3117	22
3167	22
3178	29
3185	22
3189	22
3194	22
3200	22
3204	2
3208	22
3213	22
3218	22
3223	22
3229	22
3268	5
3269	5
3307	10
3315	29
3391	22
3401	22
3408	22
3416	22
3419	22
3431	22
3433	22
3437	22
3442	22
3445	22
3464	35
3470	22
3485	35
3496	11
3505	22
3527	11
3528	11
3529	11
3535	22
3536	11
3545	10
3555	29
3558	11
3572	35
3586	11
3588	11
3596	10
3614	11
3616	11
3618	11
3634	22
3637	22
3642	11
3643	11
3645	11
3668	2
3674	11
3675	11
3677	11
3694	35
3714	11
3715	11
3730	10
3744	29
3756	35
3771	11
3792	10
3798	35
3808	11
3810	11
3843	22
3853	11
3867	10
3873	22
3882	29
3891	11
3915	11
3922	22
3923	10
3941	11
3953	22
3961	29
3969	11
3971	20
3974	10
3982	11
3983	11
3992	22
4001	22
4002	22
4006	11
4008	11
4038	11
4039	11
4041	11
4056	22
4079	22
4095	22
4107	22
4132	22
4133	29
4138	22
4150	14
4153	22
4171	22
4172	10
4192	22
4215	22
4225	22
4252	22
4279	22
4299	22
4323	22
4342	22
4357	22
4384	22
4394	14
4398	22
4417	10
4422	22
4442	22
4461	22
4472	22
4498	22
4519	22
4538	22
4563	22
4584	22
4597	22
4616	14
4620	22
4642	22
4649	10
4650	10
4666	22
4688	20
4695	22
4706	22
4713	29
4730	22
4750	27
4756	22
4758	1
4778	22
4795	35
4800	22
4823	22
4824	22
4836	22
4837	22
4861	22
4867	20
4884	14
4888	22
4890	1
4914	10
4915	22
4931	35
4936	22
4959	22
4968	22
4999	22
5004	1
5026	22
5047	22
5067	22
5084	22
5115	22
5121	20
5141	1
5144	14
5148	22
5172	10
5175	22
5192	22
5219	29
5221	22
5236	22
5257	22
5282	1
5286	22
5314	22
5339	22
5350	22
5375	22
5417	1
5419	14
5420	14
5426	22
5466	22
5468	10
5469	10
5486	35
5492	22
5512	22
5526	22
5553	22
5574	1
5582	22
5607	22
5627	22
5629	35
5633	22
5656	22
5667	22
5693	22
5712	1
5715	14
5719	22
5742	22
5767	22
5786	22
5800	22
5824	22
5846	1
5852	22
5874	22
5900	22
5915	20
5918	22
5930	22
5956	22
5974	1
5977	22
6020	22
6041	29
6043	22
6059	22
6060	20
6086	22
6109	1
6113	22
6134	22
6154	22
6155	22
6178	22
6192	22
6214	22
6231	1
6235	22
6260	22
6284	22
6351	1
6355	22
6377	22
6398	22
6419	22
6426	22
6446	10
6447	10
6449	22
6490	22
6503	22
6522	22
6527	11
6528	24
6541	1
6566	22
6578	35
6583	22
6605	22
6621	22
6637	11
6638	11
6642	22
6643	2
6645	24
6664	14
6665	14
6671	22
6703	22
6732	22
6733	29
6748	22
6772	11
6774	22
6778	24
6795	27
6801	22
6839	22
6862	22
6875	22
6898	11
6899	11
6903	22
6904	24
6921	14
6922	14
6926	22
6945	10
6947	22
6969	35
6996	22
7008	22
7030	11
7031	11
7036	22
7038	24
7061	22
7085	22
7107	22
7133	22
7148	22
7164	11
7168	22
7169	24
7191	22
7215	22
7227	1
7231	22
7235	35
7237	35
7274	22
7294	22
7305	22
7343	22
7364	22
7384	22
7446	22
7458	35
7467	22
7489	22
7501	22
7522	22
7535	1
7539	22
7559	22
7584	22
7636	22
7656	1
7659	22
7679	22
7705	22
7722	22
7733	22
7757	22
7761	24
7778	22
7803	22
7826	22
7847	22
7880	24
7897	1
7909	14
7910	14
7914	22
7935	10
7937	22
7951	35
7957	22
7977	22
7995	22
8019	11
8020	24
8023	22
8026	1
8050	22
8066	20
8076	22
8100	29
8102	22
8117	22
8138	24
8141	22
8165	22
8166	14
8185	10
8190	22
8212	22
8237	22
8252	22
8281	22
8282	11
8283	24
8284	24
8307	20
8317	22
8318	1
8324	20
8344	22
8362	20
8367	22
8390	22
8401	22
8418	11
8426	22
8428	24
8429	24
8451	1
8452	14
8456	22
8475	10
8478	22
8501	22
8542	22
8562	11
8563	24
8567	22
8568	20
8585	1
8592	22
8615	22
8632	22
8653	22
8666	22
8671	29
8684	11
8690	24
8694	22
8713	14
8715	22
8716	1
8737	10
8738	22
8761	22
8772	22
8793	11
8794	24
8798	22
8813	1
8817	17
8818	22
8839	22
8860	22
8884	22
8897	22
8917	11
8918	24
8922	22
8941	14
8942	22
8962	22
8963	10
8989	22
9009	22
9025	35
9028	22
9030	11
9051	22
9071	22
9088	22
9106	22
9120	22
9138	11
9139	11
9143	22
9161	22
9162	14
9181	22
9200	22
9215	22
9238	11
9239	24
9243	22
9267	22
9286	10
9291	22
9309	22
9329	22
9347	22
9366	24
9370	22
9372	11
9392	22
9417	22
9438	22
9464	22
9479	22
9502	11
9503	24
9507	22
9525	14
9529	22
9549	10
9553	22
9574	22
9596	29
9597	22
9615	22
9634	11
9635	24
9640	22
9665	22
9685	22
9706	22
9724	22
9738	22
9762	24
9763	11
9767	22
9785	14
9792	22
9814	10
9815	22
9837	22
9856	22
9869	22
9893	24
9897	22
9921	22
9941	22
9965	22
9983	22
10001	22
10029	11
10030	11
10032	22
10033	24
10039	22
10058	14
10059	14
10063	22
10078	22
10079	10
10100	22
10123	22
10164	24
10165	11
10169	22
10194	22
10215	22
10231	22
10253	22
10271	22
10294	24
10295	11
10299	22
10318	14
10321	22
10342	10
10344	22
10362	22
10377	22
10391	22
